-1.190503478050231934e+00
1.561738491058349609e+00
-3.064144611358642578e+00
-8.545969724655151367e-01
3.024222135543823242e+00
-1.714722990989685059e+00
1.074419140815734863e+00
3.852933168411254883e+00
-1.007268786430358887e+00
1.884423494338989258e+00
-2.068357944488525391e+00
-1.680213212966918945e+00
-2.515786886215209961e+00
1.205119252204895020e+00
2.801989316940307617e+00
-2.174753904342651367e+00
-4.729712605476379395e-01
1.450565308332443237e-01
-6.175847649574279785e-01
-5.283575534820556641e+00
-8.982950448989868164e-01
6.020685672760009766e+00
7.820782065391540527e-02
1.247931003570556641e+00
-1.758206367492675781e+00
-1.722039699554443359e+00
6.033105850219726562e+00
-2.575561046600341797e+00
5.914853811264038086e-01
2.876172065734863281e+00
-1.327086806297302246e+00
-1.159006237983703613e+00
3.700047135353088379e-01
-1.474462628364562988e+00
-3.139754295349121094e+00
2.009041309356689453e+00
-3.577261447906494141e+00
-3.664685785770416260e-01
1.171200275421142578e+00
-1.589192152023315430e+00
-7.554039359092712402e-01
1.332353830337524414e+00
2.985622361302375793e-02
3.846491575241088867e-01
-2.090326786041259766e+00
2.472446918487548828e+00
2.239426851272583008e+00
-6.617466211318969727e-01
-8.826981782913208008e-01
3.329224884510040283e-01
3.202486515045166016e+00
-4.623074233531951904e-01
-2.359046787023544312e-02
-6.803603172302246094e-01
-6.231955289840698242e-01
2.103783041238784790e-01
3.361635446548461914e+00
1.791895627975463867e-01
1.492971181869506836e+00
-1.589421510696411133e+00
2.605356454849243164e+00
-8.460271637886762619e-04
-1.342200517654418945e+00
1.859350323677062988e+00
-2.767017364501953125e+00
2.471071958541870117e+00
2.624032258987426758e+00
8.915221095085144043e-01
-4.978805184364318848e-01
3.654224872589111328e+00
1.913827896118164062e+00
9.830445647239685059e-01
3.288797661662101746e-02
3.317980051040649414e+00
2.163962125778198242e+00
-3.096145987510681152e-01
-6.866912245750427246e-01
-1.906715989112854004e+00
1.352352023124694824e+00
-4.269961714744567871e-01
-2.924051523208618164e+00
3.682657480239868164e-01
-2.877640485763549805e+00
9.438197016716003418e-01
7.079992294311523438e-01
-1.033322334289550781e+00
-3.380093812942504883e+00
6.695855408906936646e-02
1.798237442970275879e+00
1.386866688728332520e+00
2.788468360900878906e+00
-4.026119709014892578e+00
-1.929999232292175293e+00
2.444515228271484375e+00
5.248801112174987793e-01
-4.838115870952606201e-01
1.837105035781860352e+00
-3.435933589935302734e-01
-2.993334457278251648e-02
-4.548600196838378906e+00
-5.025177001953125000e-01
-2.583740353584289551e-01
-2.258666038513183594e+00
-9.451891183853149414e-01
1.801289677619934082e+00
-2.556761503219604492e+00
1.382356405258178711e+00
-1.890307784080505371e+00
-2.991690874099731445e+00
4.709118604660034180e-01
-2.895295247435569763e-02
-1.522206902503967285e+00
1.007793903350830078e+00
9.297273755073547363e-01
3.245301008224487305e+00
-1.983532905578613281e+00
-2.211933374404907227e+00
-2.769879102706909180e+00
9.416256844997406006e-02
1.429292559623718262e+00
6.184538602828979492e-01
-2.678458929061889648e+00
-8.293073773384094238e-01
4.151615142822265625e+00
1.396880149841308594e+00
-7.165830582380294800e-02
3.509349524974822998e-01
-1.312523245811462402e+00
7.761793732643127441e-01
4.430005073547363281e+00
-1.595018506050109863e+00
1.682175755500793457e+00
-4.820556640625000000e-01
2.080865859985351562e+00
2.563562154769897461e+00
1.518640637397766113e+00
-5.321931362152099609e+00
6.871209144592285156e-01
-2.712305068969726562e+00
-2.387610435485839844e+00
-4.565176963806152344e+00
1.805341362953186035e+00
-9.803287982940673828e-01
-1.339083790779113770e+00
1.878148555755615234e+00
-2.191084146499633789e+00
1.298675239086151123e-01
-4.500029087066650391e-01
-1.093953371047973633e+00
-3.937585830688476562e+00
-3.524357318878173828e+00
-1.304215788841247559e+00
-9.953398704528808594e-01
4.686095416545867920e-01
-8.250432014465332031e-01
-8.668473958969116211e-01
1.264912039041519165e-01
-1.763464331626892090e+00
-3.510320901870727539e+00
-2.668462753295898438e+00
2.389978468418121338e-01
-6.799244880676269531e-02
2.751886129379272461e+00
-2.243671178817749023e+00
-1.581279873847961426e+00
-1.925887167453765869e-01
2.907245457172393799e-01
-2.260379046201705933e-01
-2.787914276123046875e-01
-2.417449951171875000e+00
-2.174423694610595703e+00
-6.911115050315856934e-01
-5.372092723846435547e-01
1.657650113105773926e+00
2.336763858795166016e+00
1.911307930946350098e+00
3.450663089752197266e+00
9.583559036254882812e-01
-7.099790573120117188e-01
9.047577977180480957e-01
-3.739604949951171875e-01
-1.063248872756958008e+00
2.351406574249267578e+00
2.900863409042358398e+00
1.296549558639526367e+00
1.012752763926982880e-02
2.908156394958496094e+00
-2.354356288909912109e+00
-3.549731373786926270e-01
2.174635082483291626e-01
-2.328730821609497070e+00
5.687469244003295898e-01
-7.318840026855468750e-01
2.229142040014266968e-01
6.989065408706665039e-01
-2.957443594932556152e-01
2.459728240966796875e+00
1.496260520070791245e-02
1.008221626281738281e+00
7.734208106994628906e-01
-1.230326414108276367e+00
-1.432949542999267578e+00
2.042751312255859375e+00
-2.446433305740356445e+00
1.993771314620971680e+00
-2.249381303787231445e+00
5.016018152236938477e-01
1.167574405670166016e+00
2.338225841522216797e+00
2.480757236480712891e+00
-3.352075815200805664e-03
-3.198066949844360352e+00
-1.034304618835449219e+00
-6.127598881721496582e-01
4.747804999351501465e-01
1.479858040809631348e+00
-1.141131639480590820e+00
1.348110914230346680e+00
-4.937871098518371582e-01
-3.207826614379882812e+00
-1.639982223510742188e+00
-5.148643851280212402e-01
2.653703689575195312e-01
-6.661876440048217773e-01
-4.508118152618408203e+00
-3.259086370468139648e+00
6.446427702903747559e-01
5.489928722381591797e-01
-3.585712432861328125e+00
-2.387877941131591797e+00
2.008795261383056641e+00
1.119969725608825684e+00
8.792619705200195312e-01
-2.907180309295654297e+00
-3.930620431900024414e+00
-4.852706193923950195e-01
-6.509195566177368164e-01
-2.683050394058227539e+00
3.588340580463409424e-01
3.859984278678894043e-01
-1.188393115997314453e+00
2.287456512451171875e+00
-7.623820304870605469e-01
-1.377498865127563477e+00
-5.678433179855346680e-01
-2.903499126434326172e+00
2.075166463851928711e+00
2.945795774459838867e+00
-1.168702840805053711e-01
5.320179462432861328e-02
5.330578088760375977e-01
3.062883853912353516e+00
1.528254270553588867e+00
2.074955701828002930e+00
1.367485821247100830e-01
7.711271643638610840e-01
-4.338845610618591309e-02
1.664010584354400635e-01
3.463149964809417725e-01
3.078110814094543457e-01
1.075730085372924805e+00
5.700399875640869141e-01
3.736779689788818359e+00
-1.030144929885864258e+00
-1.250290155410766602e+00
-6.019589304924011230e-02
1.557184755802154541e-01
3.220451176166534424e-01
7.996189594268798828e-01
8.504915237426757812e-02
-2.134475231170654297e+00
1.768066167831420898e+00
5.010412335395812988e-01
3.480517387390136719e+00
-5.658437609672546387e-01
1.644359111785888672e+00
-6.518342494964599609e-01
-6.883637309074401855e-01
2.747106075286865234e+00
-1.744341850280761719e+00
4.977561831474304199e-01
-1.083363056182861328e+00
-1.925071239471435547e+00
4.205683469772338867e-01
-1.701962709426879883e+00
4.938868582248687744e-01
-1.379166245460510254e+00
2.491512060165405273e+00
-9.956802129745483398e-01
1.785563707351684570e+00
4.200124263763427734e+00
-7.964054346084594727e-01
-3.282190799713134766e+00
1.111476659774780273e+00
2.165763378143310547e+00
3.489803552627563477e+00
-6.459902524948120117e-01
-1.173645496368408203e+00
8.467459678649902344e-01
1.040054202079772949e+00
1.439713358879089355e+00
-6.688042283058166504e-01
-2.247757315635681152e-01
-8.116903901100158691e-02
-2.802895069122314453e+00
-1.638285398483276367e+00
1.705991744995117188e+00
2.121798276901245117e+00
-2.100559473037719727e+00
5.883815288543701172e-01
1.209033846855163574e+00
2.027130126953125000e-01
2.016267299652099609e+00
-9.120932221412658691e-02
-1.302042484283447266e+00
-3.074683904647827148e+00
1.092103242874145508e+00
-7.250705957412719727e-01
3.907603979110717773e+00
-3.727021813392639160e-01
7.132940292358398438e-01
1.154598116874694824e+00
1.300433158874511719e+00
-1.875658512115478516e+00
1.038816809654235840e+00
1.659953355789184570e+00
3.903042554855346680e+00
-1.292741537094116211e+00
-1.385660648345947266e+00
2.230279445648193359e+00
-3.765555024147033691e-01
-2.020501136779785156e+00
-5.659187436103820801e-01
1.802520036697387695e+00
-1.194900155067443848e+00
-1.019876956939697266e+00
-4.734817504882812500e+00
1.720917224884033203e-02
-1.958453059196472168e-01
-3.974139690399169922e-03
7.942214012145996094e-01
1.300468921661376953e+00
1.512580156326293945e+00
-3.418833017349243164e-02
-2.018250703811645508e+00
-2.588134527206420898e+00
-1.696144938468933105e+00
2.768239736557006836e+00
2.736370325088500977e+00
-3.581753730773925781e+00
5.595922470092773438e-01
2.555578947067260742e-01
4.685660004615783691e-01
7.993712425231933594e-01
-6.422636508941650391e-01
2.377282381057739258e-01
4.182403683662414551e-01
-3.408477783203125000e+00
-1.390225768089294434e+00
-2.275183916091918945e+00
1.067058563232421875e+00
-6.531417369842529297e-02
1.300557374954223633e+00
-7.221245765686035156e-01
-3.833313584327697754e-01
1.694868445396423340e+00
-9.462134838104248047e-01
3.907891809940338135e-01
-2.584197998046875000e+00
6.722918152809143066e-02
-1.338736772537231445e+00
5.313398838043212891e-01
5.787832736968994141e-01
-6.445332765579223633e-01
4.199107646942138672e+00
1.131519794464111328e+00
3.792804718017578125e+00
-2.510935068130493164e-03
-4.471760988235473633e-01
1.748253703117370605e-01
-1.701861739158630371e+00
-3.316103696823120117e+00
2.243675947189331055e+00
-4.509591579437255859e+00
8.970567584037780762e-02
1.818078041076660156e+00
1.463198661804199219e+00
-1.700160026550292969e+00
1.218239068984985352e+00
1.510820984840393066e-01
4.819755852222442627e-01
9.437808990478515625e-01
-3.696619570255279541e-01
2.832377433776855469e+00
1.019426226615905762e+00
-1.483728289604187012e-01
1.076331734657287598e-02
-1.452575922012329102e+00
7.297915220260620117e-02
-1.118251442909240723e+00
8.205966949462890625e-01
-2.185031175613403320e-01
-2.204818725585937500e+00
4.561916589736938477e-01
1.182273924350738525e-01
-6.992884278297424316e-01
1.467699527740478516e+00
3.602931499481201172e+00
6.529162883758544922e+00
-2.138935327529907227e+00
-4.425163865089416504e-01
1.088853597640991211e+00
-5.083250999450683594e-01
3.862003684043884277e-01
1.973516106605529785e+00
3.760792970657348633e+00
-1.528125047683715820e+00
1.255422472953796387e+00
-1.538367033004760742e+00
1.676548480987548828e+00
-3.419994711875915527e-01
-3.873211145401000977e-01
-2.394620656967163086e+00
6.063192486763000488e-01
7.191078066825866699e-01
-1.246770381927490234e+00
9.338533878326416016e-01
-1.283280968666076660e+00
1.448366880416870117e+00
1.348714828491210938e+00
2.185472488403320312e+00
3.368105173110961914e+00
1.509711027145385742e+00
5.949381589889526367e-01
-1.886536836624145508e+00
6.491284966468811035e-01
-3.138548135757446289e-01
-1.377454400062561035e-02
2.361828088760375977e+00
-2.057428359985351562e+00
2.540822267532348633e+00
9.261122941970825195e-01
1.279914379119873047e-02
2.303700447082519531e+00
-9.849750995635986328e-01
-5.411934852600097656e-02
2.964475393295288086e+00
2.320857644081115723e-01
-2.680687904357910156e+00
-5.677354335784912109e-01
-5.020967006683349609e+00
8.351451158523559570e-01
6.085643768310546875e-01
5.518664717674255371e-01
-1.306333303451538086e+00
-2.875937223434448242e-01
-7.128871679306030273e-01
-2.428792476654052734e+00
-1.586491167545318604e-01
2.373699545860290527e-01
-1.403869390487670898e+00
-3.373596668243408203e-01
-2.511435270309448242e+00
9.077767133712768555e-01
5.272501707077026367e-02
-1.972468376159667969e+00
1.154124975204467773e+00
7.845463752746582031e-01
1.227858304977416992e+00
1.906476616859436035e+00
-3.824899792671203613e-01
5.665749311447143555e-01
-1.583711743354797363e+00
-1.399253845214843750e+00
4.852362275123596191e-01
-2.527781963348388672e+00
3.146063089370727539e+00
-1.131495237350463867e+00
1.083612442016601562e-01
1.642624735832214355e+00
6.591695547103881836e-01
7.049877643585205078e-01
6.924040913581848145e-01
-8.392081260681152344e-01
-8.854447603225708008e-01
2.551983118057250977e+00
3.789271116256713867e+00
-3.335133194923400879e-01
-1.830049514770507812e+00
5.946043729782104492e-01
2.744035720825195312e+00
3.803471922874450684e-01
2.832685470581054688e+00
1.105221033096313477e+00
-5.238212347030639648e-01
-4.274507761001586914e-01
9.716933965682983398e-01
-6.953704357147216797e-02
2.261029243469238281e+00
5.873125791549682617e-02
2.712165832519531250e+00
-1.137077808380126953e+00
3.523976087570190430e+00
-2.628078699111938477e+00
1.112250804901123047e+00
-1.861272335052490234e+00
1.940958142280578613e+00
-4.845094680786132812e-01
-1.614521265029907227e+00
1.777778267860412598e+00
2.925295829772949219e-01
5.993676185607910156e-02
-1.732895374298095703e+00
5.056543946266174316e-01
1.658555626869201660e+00
-3.382617831230163574e-01
-8.048605918884277344e-01
2.078281044960021973e-01
-2.305794715881347656e+00
1.055920362472534180e+00
-9.194412827491760254e-01
2.253451824188232422e+00
-2.654532670974731445e+00
2.346915006637573242e+00
1.222484827041625977e+00
3.254540443420410156e+00
-2.596855401992797852e+00
5.939483046531677246e-01
-1.282618284225463867e+00
2.178683757781982422e+00
1.694163799285888672e+00
2.863768041133880615e-01
-1.167159318923950195e+00
1.161630392074584961e+00
3.630917072296142578e+00
1.062692880630493164e+00
3.006629705429077148e+00
-2.009129047393798828e+00
1.575272083282470703e-01
-3.486860990524291992e+00
-6.466379761695861816e-01
-1.268271803855895996e+00
-5.939658880233764648e-01
9.700275659561157227e-01
-1.033988118171691895e+00
-1.320937156677246094e+00
-1.890945911407470703e+00
-3.952646255493164062e-01
1.371602714061737061e-01
-9.560340046882629395e-01
-2.586552858352661133e+00
-7.124543190002441406e-02
-2.750956296920776367e+00
-3.758794784545898438e+00
1.100707769393920898e+00
2.558011770248413086e+00
1.393712759017944336e+00
-4.175843715667724609e+00
2.704493284225463867e+00
-1.415073633193969727e+00
-1.494708538055419922e+00
7.587736845016479492e-01
3.645685315132141113e-02
-8.869037628173828125e-01
3.755851507186889648e+00
-1.777714967727661133e+00
3.452172875404357910e-01
-1.275367140769958496e-01
1.501566886901855469e+00
-3.008087396621704102e+00
-2.131947994232177734e+00
-7.456163167953491211e-01
8.975094556808471680e-01
-2.915308475494384766e-01
-1.003306865692138672e+00
-2.322440862655639648e+00
-3.305866241455078125e+00
-8.025782704353332520e-01
1.107972383499145508e+00
1.512674331665039062e+00
-5.245697498321533203e-01
-4.099326610565185547e+00
5.214298963546752930e-01
3.396614313125610352e+00
-2.564149498939514160e-01
1.384901165962219238e+00
2.996775388717651367e+00
-2.277348041534423828e-01
-9.441272020339965820e-01
1.488385558128356934e+00
-2.013742446899414062e+00
-9.129447937011718750e-01
-2.966977834701538086e+00
5.129086971282958984e-01
4.235496222972869873e-01
-6.203782558441162109e-01
-2.541668176651000977e+00
-4.798026680946350098e-01
-1.752530694007873535e+00
1.255256414413452148e+00
-2.418334484100341797e+00
3.059495389461517334e-01
-1.122548460960388184e+00
6.270810365676879883e-01
-9.542726874351501465e-01
-1.551777839660644531e+00
3.899096488952636719e+00
9.818325042724609375e-01
1.780502319335937500e+00
1.007152915000915527e+00
-6.743590831756591797e-01
-2.496818900108337402e-01
3.932629153132438660e-02
1.457504630088806152e+00
-1.027895361185073853e-01
8.594756722450256348e-01
-3.622379779815673828e+00
-7.719955444335937500e-01
6.310314536094665527e-01
3.554950058460235596e-01
4.286449551582336426e-01
-1.479807376861572266e+00
-3.977485597133636475e-01
-8.242276310920715332e-01
-6.327758431434631348e-01
-1.028533130884170532e-01
-6.364344358444213867e-01
-6.126456856727600098e-01
-2.251189947128295898e+00
-3.746421933174133301e-01
-2.313738822937011719e+00
7.102383971214294434e-01
1.516529470682144165e-01
1.078665971755981445e+00
-1.068761587142944336e+00
-8.645319342613220215e-01
-2.483189851045608521e-01
-1.061278581619262695e+00
-1.415735840797424316e+00
-2.549421548843383789e+00
7.020812630653381348e-01
1.364262253046035767e-01
-9.338417649269104004e-01
-1.274905681610107422e+00
-2.252353429794311523e+00
-9.513827562332153320e-01
1.683945775032043457e+00
-1.511248469352722168e+00
1.153386592864990234e+00
2.134846210479736328e+00
-1.756943345069885254e+00
1.036548018455505371e+00
6.162343025207519531e-01
1.458155274391174316e+00
-9.727064371109008789e-01
-3.545862138271331787e-01
5.305655002593994141e-01
-1.373112201690673828e+00
-1.202553749084472656e+00
2.004813432693481445e+00
-1.775729656219482422e+00
1.499014019966125488e+00
1.412751078605651855e+00
2.451249599456787109e+00
-4.406000971794128418e-01
-2.895442545413970947e-01
-2.515671730041503906e+00
-1.794768571853637695e-01
2.035369396209716797e+00
3.091427326202392578e+00
8.003143668174743652e-01
-9.059278964996337891e-01
-2.110664606094360352e+00
2.104728698730468750e+00
2.549276053905487061e-01
-6.529646515846252441e-01
1.237805366516113281e+00
1.009542942047119141e+00
-2.066692829132080078e+00
1.186195969581604004e+00
4.800275862216949463e-01
2.002137422561645508e+00
-3.481397330760955811e-01
-4.667136967182159424e-01
1.182530879974365234e+00
-6.144644618034362793e-01
3.869522094726562500e+00
-8.924204707145690918e-01
-1.337779641151428223e+00
1.249545216560363770e+00
-1.709041476249694824e+00
-9.558303952217102051e-01
-9.497307538986206055e-01
-9.093720316886901855e-01
1.415617942810058594e+00
-1.996864199638366699e+00
-2.126806497573852539e+00
-7.021964192390441895e-01
-7.350981235504150391e-01
1.120244935154914856e-01
2.626538038253784180e+00
5.501658320426940918e-01
4.179885387420654297e-01
1.156921505928039551e+00
-2.871704578399658203e+00
2.432779669761657715e-01
8.774517178535461426e-01
9.705135226249694824e-01
9.365692734718322754e-03
-1.210937276482582092e-01
2.199763298034667969e+00
8.700081706047058105e-01
-1.088344812393188477e+00
8.899941444396972656e-01
-7.801351547241210938e-01
9.197825789451599121e-01
-3.122472286224365234e+00
1.189576506614685059e+00
-2.217907190322875977e+00
1.730592370033264160e+00
-1.455848336219787598e+00
-1.540646672248840332e+00
2.854779064655303955e-01
7.837243080139160156e-01
1.968502759933471680e+00
4.054948091506958008e-01
9.703277945518493652e-01
-4.462370574474334717e-01
-3.845364451408386230e-01
9.927992224693298340e-01
-1.700823307037353516e+00
1.023614883422851562e+00
-1.013055205345153809e+00
-9.383162260055541992e-01
-5.207846164703369141e-01
-1.815415024757385254e+00
1.513314604759216309e+00
5.237143635749816895e-01
-5.684491991996765137e-01
-6.182128190994262695e-01
-1.002604663372039795e-01
-1.717208862304687500e+00
-1.706907629966735840e+00
-2.406952679157257080e-01
1.124527692794799805e+00
-9.227411150932312012e-01
2.204454094171524048e-01
2.570091247558593750e+00
-1.898021817207336426e+00
1.996826380491256714e-01
-1.352872978895902634e-02
-3.501802206039428711e+00
-6.696378588676452637e-01
-1.023594498634338379e+00
3.331184014678001404e-02
-1.175095558166503906e+00
2.290590763092041016e+00
-3.493209123611450195e+00
3.079085350036621094e-01
-2.649687767028808594e+00
1.353416562080383301e+00
-2.127854347229003906e+00
3.461138606071472168e-01
-3.214728355407714844e+00
-1.693755269050598145e+00
-2.708318829536437988e-01
1.516401171684265137e-01
1.148955464363098145e+00
-1.349422633647918701e-01
1.177484020590782166e-01
6.067807078361511230e-01
1.549727320671081543e-01
-1.147771716117858887e+00
-2.203101873397827148e+00
3.045441865921020508e+00
-7.822643965482711792e-02
2.466349124908447266e+00
-9.163064360618591309e-01
1.046534657478332520e+00
7.268145680427551270e-01
-1.822377920150756836e+00
-2.738440036773681641e+00
2.486257702112197876e-01
1.552562236785888672e+00
-2.011443138122558594e+00
2.328272104263305664e+00
7.103950977325439453e-01
-2.028457641601562500e+00
-1.588471770286560059e+00
2.621725559234619141e+00
-5.329115986824035645e-01
-8.876789808273315430e-01
1.128859817981719971e-02
-8.464808017015457153e-02
4.438199698925018311e-01
2.999803051352500916e-02
-2.130193233489990234e+00
1.033139824867248535e-01
3.738478422164916992e-01
3.986921906471252441e-01
1.000000000000000000e+00
0.000000000000000000e+00
1.000000000000000000e+00
1.000000000000000000e+00
0.000000000000000000e+00
1.000000000000000000e+00
0.000000000000000000e+00
1.000000000000000000e+00
1.000000000000000000e+00
0.000000000000000000e+00
0.000000000000000000e+00
0.000000000000000000e+00
0.000000000000000000e+00
0.000000000000000000e+00
0.000000000000000000e+00
0.000000000000000000e+00
0.000000000000000000e+00
0.000000000000000000e+00
0.000000000000000000e+00
0.000000000000000000e+00
0.000000000000000000e+00
0.000000000000000000e+00
0.000000000000000000e+00
0.000000000000000000e+00
0.000000000000000000e+00
0.000000000000000000e+00
0.000000000000000000e+00
0.000000000000000000e+00
0.000000000000000000e+00
0.000000000000000000e+00
0.000000000000000000e+00
0.000000000000000000e+00
0.000000000000000000e+00
0.000000000000000000e+00
0.000000000000000000e+00
0.000000000000000000e+00
0.000000000000000000e+00
0.000000000000000000e+00
0.000000000000000000e+00
0.000000000000000000e+00
0.000000000000000000e+00
0.000000000000000000e+00
0.000000000000000000e+00
0.000000000000000000e+00
0.000000000000000000e+00
0.000000000000000000e+00
0.000000000000000000e+00
0.000000000000000000e+00
0.000000000000000000e+00
0.000000000000000000e+00
0.000000000000000000e+00
0.000000000000000000e+00
0.000000000000000000e+00
0.000000000000000000e+00
0.000000000000000000e+00
0.000000000000000000e+00
0.000000000000000000e+00
0.000000000000000000e+00
0.000000000000000000e+00
0.000000000000000000e+00
0.000000000000000000e+00
0.000000000000000000e+00
0.000000000000000000e+00
0.000000000000000000e+00
0.000000000000000000e+00
0.000000000000000000e+00
0.000000000000000000e+00
0.000000000000000000e+00
0.000000000000000000e+00
0.000000000000000000e+00
0.000000000000000000e+00
0.000000000000000000e+00
0.000000000000000000e+00
0.000000000000000000e+00
0.000000000000000000e+00
0.000000000000000000e+00
0.000000000000000000e+00
0.000000000000000000e+00
0.000000000000000000e+00
0.000000000000000000e+00
0.000000000000000000e+00
0.000000000000000000e+00
0.000000000000000000e+00
0.000000000000000000e+00
0.000000000000000000e+00
0.000000000000000000e+00
0.000000000000000000e+00
0.000000000000000000e+00
0.000000000000000000e+00
0.000000000000000000e+00
0.000000000000000000e+00
0.000000000000000000e+00
0.000000000000000000e+00
0.000000000000000000e+00
0.000000000000000000e+00
0.000000000000000000e+00
0.000000000000000000e+00
0.000000000000000000e+00
0.000000000000000000e+00
0.000000000000000000e+00
0.000000000000000000e+00
0.000000000000000000e+00
0.000000000000000000e+00
0.000000000000000000e+00
0.000000000000000000e+00
0.000000000000000000e+00
0.000000000000000000e+00
0.000000000000000000e+00
0.000000000000000000e+00
0.000000000000000000e+00
0.000000000000000000e+00
0.000000000000000000e+00
0.000000000000000000e+00
0.000000000000000000e+00
0.000000000000000000e+00
0.000000000000000000e+00
0.000000000000000000e+00
0.000000000000000000e+00
0.000000000000000000e+00
0.000000000000000000e+00
0.000000000000000000e+00
0.000000000000000000e+00
0.000000000000000000e+00
0.000000000000000000e+00
0.000000000000000000e+00
0.000000000000000000e+00
0.000000000000000000e+00
0.000000000000000000e+00
0.000000000000000000e+00
0.000000000000000000e+00
0.000000000000000000e+00
0.000000000000000000e+00
0.000000000000000000e+00
0.000000000000000000e+00
0.000000000000000000e+00
0.000000000000000000e+00
0.000000000000000000e+00
0.000000000000000000e+00
0.000000000000000000e+00
0.000000000000000000e+00
0.000000000000000000e+00
0.000000000000000000e+00
0.000000000000000000e+00
0.000000000000000000e+00
0.000000000000000000e+00
0.000000000000000000e+00
0.000000000000000000e+00
0.000000000000000000e+00
0.000000000000000000e+00
0.000000000000000000e+00
0.000000000000000000e+00
0.000000000000000000e+00
0.000000000000000000e+00
0.000000000000000000e+00
0.000000000000000000e+00
0.000000000000000000e+00
0.000000000000000000e+00
0.000000000000000000e+00
0.000000000000000000e+00
0.000000000000000000e+00
0.000000000000000000e+00
0.000000000000000000e+00
0.000000000000000000e+00
0.000000000000000000e+00
0.000000000000000000e+00
0.000000000000000000e+00
0.000000000000000000e+00
0.000000000000000000e+00
0.000000000000000000e+00
0.000000000000000000e+00
0.000000000000000000e+00
0.000000000000000000e+00
0.000000000000000000e+00
0.000000000000000000e+00
0.000000000000000000e+00
0.000000000000000000e+00
0.000000000000000000e+00
0.000000000000000000e+00
0.000000000000000000e+00
0.000000000000000000e+00
0.000000000000000000e+00
0.000000000000000000e+00
0.000000000000000000e+00
0.000000000000000000e+00
0.000000000000000000e+00
0.000000000000000000e+00
0.000000000000000000e+00
0.000000000000000000e+00
0.000000000000000000e+00
0.000000000000000000e+00
0.000000000000000000e+00
0.000000000000000000e+00
0.000000000000000000e+00
0.000000000000000000e+00
0.000000000000000000e+00
0.000000000000000000e+00
0.000000000000000000e+00
0.000000000000000000e+00
0.000000000000000000e+00
0.000000000000000000e+00
0.000000000000000000e+00
0.000000000000000000e+00
0.000000000000000000e+00
0.000000000000000000e+00
0.000000000000000000e+00
0.000000000000000000e+00
0.000000000000000000e+00
0.000000000000000000e+00
0.000000000000000000e+00
0.000000000000000000e+00
0.000000000000000000e+00
0.000000000000000000e+00
0.000000000000000000e+00
0.000000000000000000e+00
0.000000000000000000e+00
0.000000000000000000e+00
0.000000000000000000e+00
0.000000000000000000e+00
0.000000000000000000e+00
0.000000000000000000e+00
0.000000000000000000e+00
0.000000000000000000e+00
0.000000000000000000e+00
0.000000000000000000e+00
0.000000000000000000e+00
0.000000000000000000e+00
0.000000000000000000e+00
0.000000000000000000e+00
0.000000000000000000e+00
0.000000000000000000e+00
0.000000000000000000e+00
0.000000000000000000e+00
0.000000000000000000e+00
0.000000000000000000e+00
0.000000000000000000e+00
0.000000000000000000e+00
0.000000000000000000e+00
0.000000000000000000e+00
0.000000000000000000e+00
0.000000000000000000e+00
0.000000000000000000e+00
0.000000000000000000e+00
0.000000000000000000e+00
0.000000000000000000e+00
0.000000000000000000e+00
0.000000000000000000e+00
0.000000000000000000e+00
0.000000000000000000e+00
0.000000000000000000e+00
0.000000000000000000e+00
0.000000000000000000e+00
0.000000000000000000e+00
0.000000000000000000e+00
0.000000000000000000e+00
0.000000000000000000e+00
0.000000000000000000e+00
0.000000000000000000e+00
0.000000000000000000e+00
0.000000000000000000e+00
0.000000000000000000e+00
0.000000000000000000e+00
0.000000000000000000e+00
0.000000000000000000e+00
0.000000000000000000e+00
0.000000000000000000e+00
0.000000000000000000e+00
0.000000000000000000e+00
0.000000000000000000e+00
0.000000000000000000e+00
0.000000000000000000e+00
0.000000000000000000e+00
0.000000000000000000e+00
0.000000000000000000e+00
0.000000000000000000e+00
0.000000000000000000e+00
0.000000000000000000e+00
0.000000000000000000e+00
0.000000000000000000e+00
0.000000000000000000e+00
0.000000000000000000e+00
0.000000000000000000e+00
0.000000000000000000e+00
0.000000000000000000e+00
0.000000000000000000e+00
0.000000000000000000e+00
0.000000000000000000e+00
0.000000000000000000e+00
0.000000000000000000e+00
0.000000000000000000e+00
0.000000000000000000e+00
0.000000000000000000e+00
0.000000000000000000e+00
0.000000000000000000e+00
0.000000000000000000e+00
0.000000000000000000e+00
0.000000000000000000e+00
0.000000000000000000e+00
0.000000000000000000e+00
0.000000000000000000e+00
0.000000000000000000e+00
0.000000000000000000e+00
0.000000000000000000e+00
0.000000000000000000e+00
0.000000000000000000e+00
0.000000000000000000e+00
0.000000000000000000e+00
0.000000000000000000e+00
0.000000000000000000e+00
0.000000000000000000e+00
0.000000000000000000e+00
0.000000000000000000e+00
0.000000000000000000e+00
0.000000000000000000e+00
0.000000000000000000e+00
0.000000000000000000e+00
0.000000000000000000e+00
0.000000000000000000e+00
0.000000000000000000e+00
0.000000000000000000e+00
0.000000000000000000e+00
0.000000000000000000e+00
0.000000000000000000e+00
0.000000000000000000e+00
0.000000000000000000e+00
0.000000000000000000e+00
0.000000000000000000e+00
0.000000000000000000e+00
0.000000000000000000e+00
0.000000000000000000e+00
0.000000000000000000e+00
0.000000000000000000e+00
0.000000000000000000e+00
0.000000000000000000e+00
0.000000000000000000e+00
0.000000000000000000e+00
0.000000000000000000e+00
0.000000000000000000e+00
0.000000000000000000e+00
0.000000000000000000e+00
0.000000000000000000e+00
0.000000000000000000e+00
0.000000000000000000e+00
0.000000000000000000e+00
0.000000000000000000e+00
0.000000000000000000e+00
0.000000000000000000e+00
0.000000000000000000e+00
0.000000000000000000e+00
0.000000000000000000e+00
0.000000000000000000e+00
0.000000000000000000e+00
0.000000000000000000e+00
0.000000000000000000e+00
0.000000000000000000e+00
0.000000000000000000e+00
0.000000000000000000e+00
0.000000000000000000e+00
0.000000000000000000e+00
0.000000000000000000e+00
0.000000000000000000e+00
0.000000000000000000e+00
0.000000000000000000e+00
0.000000000000000000e+00
0.000000000000000000e+00
0.000000000000000000e+00
0.000000000000000000e+00
0.000000000000000000e+00
0.000000000000000000e+00
0.000000000000000000e+00
0.000000000000000000e+00
0.000000000000000000e+00
0.000000000000000000e+00
0.000000000000000000e+00
0.000000000000000000e+00
0.000000000000000000e+00
0.000000000000000000e+00
0.000000000000000000e+00
0.000000000000000000e+00
0.000000000000000000e+00
0.000000000000000000e+00
0.000000000000000000e+00
0.000000000000000000e+00
0.000000000000000000e+00
0.000000000000000000e+00
0.000000000000000000e+00
0.000000000000000000e+00
0.000000000000000000e+00
0.000000000000000000e+00
0.000000000000000000e+00
0.000000000000000000e+00
0.000000000000000000e+00
0.000000000000000000e+00
0.000000000000000000e+00
0.000000000000000000e+00
0.000000000000000000e+00
0.000000000000000000e+00
0.000000000000000000e+00
0.000000000000000000e+00
0.000000000000000000e+00
0.000000000000000000e+00
0.000000000000000000e+00
0.000000000000000000e+00
0.000000000000000000e+00
0.000000000000000000e+00
0.000000000000000000e+00
0.000000000000000000e+00
0.000000000000000000e+00
0.000000000000000000e+00
0.000000000000000000e+00
0.000000000000000000e+00
